E = 0.74817048418765841333; THETA = 0.77287415738065379234
Radial V = 0.18917302431851340527; Transversal V = 7.7567120799321145341; V = 7.7590185412908123652
AGECS = [3423.7799324267107295; 4816.0642932831287908; 3354.6183135031078564]
GCS = [3571.9037064700332849; 4707.254849105815083; 3354.6183135031078564]
D = 5909.0392030113125656; R = 6794.8663218649862756; C = 0.51633809479223091721; P = 0.0031626252382885656003
L = 0.92168174535782043666; B = 0.51906482199577164138; H = 421.99550252140761586
Density = 3.81324e-13; Vector a = {-4.47765e-12; -1.83598e-10; 0}; a = 1.83653e-10
Density = 7.87354e-13; Vector a = {-9.2454e-12; -3.79092e-10; 0}; a = 3.79205e-10
Density = 1.33854e-12; Vector a = {-1.57176e-11; -6.44473e-10; 0}; a = 6.44664e-10
Density = 2.03294e-12; Vector a = {-2.38715e-11; -9.78811e-10; 0}; a = 9.79102e-10
Density = 2.89854e-12; Vector a = {-3.40357e-11; -1.39558e-09; 0}; a = 1.39599e-09
Density = 3.89201e-12; Vector a = {-4.57014e-11; -1.87391e-09; 0}; a = 1.87446e-09
Density = 6.125e-12; Vector a = {-7.19221e-11; -2.94904e-09; 0}; a = 2.94992e-09
