E = 3.3944296597612164668; THETA = -2.897567616254907108
Radial V = -0.065463250050903323829; Transversal V = 7.2998219660655401242; V = 7.3001154904124767597
AGECS = [-6161.8252606455234854; -3555.4075864285382522; -1233.5219227254553971]
GCS = [-6770.9289328266477241; -2182.5524128812758136; -1233.5219227254553971]
D = 7114.0012403964965415; R = 7220.1516592248390225; C = -0.17168652708679421615; P = 0.00297633855001798453
L = 2.8297669620932901502; B = -0.17269430355194187454; H = 842.64657019825062889
Density = 1.82785e-15; Vector a = {6.98807e-15; -7.79241e-13; 0}; a = 7.79273e-13
Density = 2.6992e-15; Vector a = {1.03193e-14; -1.15071e-12; 0}; a = 1.15076e-12
Density = 4.38494e-15; Vector a = {1.67641e-14; -1.86937e-12; 0}; a = 1.86944e-12
Density = 5.98083e-15; Vector a = {2.28654e-14; -2.54973e-12; 0}; a = 2.54983e-12
Density = 9.47686e-15; Vector a = {3.62311e-14; -4.04014e-12; 0}; a = 4.0403e-12
Density = 1.4222e-14; Vector a = {5.43724e-14; -6.06307e-12; 0}; a = 6.06332e-12
Density = 2.63704e-14; Vector a = {1.00817e-13; -1.12422e-11; 0}; a = 1.12426e-11
