E = 0.27140348333861169516; THETA = 0.28117972831910170717
Radial V = 0.075184472120461309785; Transversal V = 7.8230454656667109958; V = 7.8234067427647220327
AGECS = [5630.1886614852201092; 3456.007161326951973; 1321.946497050051903]
GCS = [5630.1886614852201092; 3456.007161326951973; 1321.946497050051903]
D = 6606.2856328696470882; R = 6737.2511014599131158; C = 0.19749589503974260274; P = 0.0031896711873586778771
L = 0.55053027434398338347; B = 0.19873071170770179039; H = 359.94761445476069639
Density = 1.68257e-12; Vector a = {-7.91748e-12; -8.23824e-10; 0}; a = 8.23862e-10
Density = 3.00353e-12; Vector a = {-1.41334e-11; -1.4706e-09; 0}; a = 1.47066e-09
Density = 4.60543e-12; Vector a = {-2.16713e-11; -2.25492e-09; 0}; a = 2.25503e-09
Density = 6.47784e-12; Vector a = {-3.04821e-11; -3.1717e-09; 0}; a = 3.17185e-09
Density = 8.65708e-12; Vector a = {-4.07367e-11; -4.23871e-09; 0}; a = 4.2389e-09
Density = 1.10293e-11; Vector a = {-5.18993e-11; -5.4002e-09; 0}; a = 5.40044e-09
Density = 1.63142e-11; Vector a = {-7.67678e-11; -7.98779e-09; 0}; a = 7.98816e-09
